12 17
7 1
9 3
5 1
7 12
7 3
4 10
3 2
6 8
10 5
7 6
2 11
7 10
12 4
8 9
3 12
1 8
7 4
6 10
1 6
1 3
4 1
3 4
5 4
3 5
2 5
3 2
6 3
2 6
12 17
7 1
9 3
5 1
7 12
7 3
4 10
3 2
6 8
10 5
7 6
2 11
7 10
12 4
8 9
3 12
1 8
7 4
5 10
1 2
1 3
1 4
1 5
2 3
2 4
2 5
3 4
3 5
4 5
6 10
1 2
2 3
3 4
4 5
5 6
3 1
4 6
4 1
1 6
2 6
6 5
1 2
2 3
3 4
4 5
5 6
9 9
1 2
1 4
4 5
7 8
4 6
4 3
8 2
9 3
6 5
9 9
1 2
1 4
4 7
7 8
4 3
2 5
5 6
8 9
6 4
9 10
1 2
1 4
4 7
7 8
4 3
2 5
5 6
8 9
6 4
3 9
9 10
1 2
1 4
4 7
7 8
4 3
2 5
5 6
8 9
6 4
3 8
9 10
1 2
1 4
4 7
7 8
4 3
2 5
5 6
8 9
6 4
3 1
